-3.9 -2.9 -1.9
-3.89999 -2.90181 -0.95001
-3.89998 -2.90361 -1.99776e-05
-3.9 -2.9 0.95
-3.9 -2.9 1.9
-3.9 -1.45 -1.9
-3.90001 -1.45179 -0.950035
-3.89998 -1.45394 -2.18446e-05
-3.90002 -1.45438 0.950045
-3.9 -1.45 1.9
-3.89999 -0.00421734 -1.89998
-3.89999 -0.00421734 -0.949976
-3.89993 -0.00307756 7.60884e-05
-3.90002 -0.00438419 0.950045
-3.90001 -0.00432664 1.9
-3.9 1.45 -1.9
-3.89992 1.4465 -0.949913
-3.89999 1.44649 -3.07216e-06
-3.9 1.44573 0.949953
-3.9 1.45 1.9
-3.9 2.9 -1.9
-3.9 2.9 -0.95
-3.89999 2.89649 -3.07216e-06
-3.9 2.9 0.95
-3.9 2.9 1.9
-1.95 -2.90066 -1.90001
-1.95 -2.90194 -0.950018
-1.95 -2.90276 2.78302e-05
-1.94999 -2.90512 0.949989
-1.94999 -2.90512 1.89999
-1.94998 -1.45435 -1.90001
-1.94987 -1.47162 -0.950077
-1.95001 -1.47265 0.000219169
-1.94991 -1.49768 0.950075
-1.94999 -1.45467 1.90002
-1.94997 -0.00457505 -1.89995
-1.94972 -0.0377104 -0.949553
NA
-1.95004 -0.0386545 0.949609
-1.95 -0.00505228 1.89998
-1.94998 1.44466 -1.89991
-1.94979 1.41772 -0.949336
-1.94982 1.40974 0.000292924
-1.95003 1.41678 0.949468
-1.95001 1.44671 1.89992
-1.94999 2.89926 -1.89999
-1.94997 2.89605 -0.949949
-1.94998 2.89384 -5.39562e-06
-1.94998 2.89384 0.949995
-1.95 2.89892 1.9
2.98547e-05 -2.90372 -1.9
1.35553e-05 -2.90532 -0.949971
1.35553e-05 -2.90532 2.88587e-05
-1.7913e-05 -2.90264 0.950037
-1.7913e-05 -2.90264 1.90004
5.91532e-05 -1.45507 -1.90003
0.000500053 -1.49763 -0.950239
0.000364611 -1.48828 0.000173683
-0.000221856 -1.49105 0.950541
-2.92876e-05 -1.45431 1.90006
-2.15714e-05 -0.00518207 -1.9
-3.7802e-05 -0.050443 -0.949908
-0.000271183 -0.0219224 -3.17383e-05
-5.6938e-05 -0.0497904 0.949934
-6.21179e-06 -0.00575695 1.90002
5.2236e-05 1.44439 -1.89996
0.000350951 1.39329 -0.949732
0.000422551 1.38584 -0.000376616
0.000364301 1.39349 0.949652
3.49204e-05 1.44401 1.89993
2.68287e-05 2.89548 -1.9
3.23622e-05 2.89455 -0.950003
-8.75193e-06 2.89386 4.34642e-06
3.89309e-05 2.89475 0.949999
3.08779e-05 2.89584 1.9
1.95 -2.9 -1.9
1.95 -2.9 -0.95
1.94998 -2.90311 2.35692e-06
1.95 -2.9 0.95
1.95 -2.9 1.9
1.95001 -1.4537 -1.89995
1.94995 -1.45873 -0.949993
1.94994 -1.4675 0.000131918
1.94998 -1.47914 0.950277
1.95001 -1.4546 1.90002
1.95001 -0.0037037 -1.89995
1.94994 -0.0421852 -0.949672
NA
1.94987 -0.0447742 0.95016
1.94999 -0.00421004 1.90001
1.94994 1.44491 -1.89997
1.94979 1.4051 -0.949922
1.94985 1.4327 -0.000180073
1.95006 1.406 0.949806
1.95 1.44571 1.89998
1.95002 2.89426 -1.90001
1.95002 2.89296 -0.950018
1.94999 2.89519 -8.71658e-06
1.95 2.89371 0.950017
1.95 2.89487 1.90001
3.9 -2.9 -1.9
3.89999 -2.90214 -0.949998
3.89998 -2.90311 2.35692e-06
3.89999 -2.9018 0.950001
3.9 -2.9 1.9
3.9 -1.45 -1.9
3.89997 -1.45237 -0.950003
3.89998 -1.45377 2.85724e-06
3.9 -1.45277 0.950042
3.9 -1.45 1.9
3.89997 -0.00389208 -1.89998
3.89997 -0.00435069 -0.949971
3.89999 -0.00353487 8.40545e-06
3.89998 -0.00426649 0.950037
3.89998 -0.00412235 1.90002
3.9 1.45 -1.9
3.89995 1.44638 -0.949951
3.89997 1.44684 1.89062e-05
3.89996 1.44628 0.949938
3.9 1.45 1.9
3.9 2.9 -1.9
3.9 2.8997 -0.949998
3.89997 2.89684 1.89062e-05
3.9 2.89948 0.950003
3.9 2.9 1.9
